1.000E+2	3.550E-1	9.570E-6	2.696E-5	8.983E+1
2.000E+2	3.550E-1	1.890E-5	5.323E-5	8.822E+1
3.000E+2	3.550E-1	2.828E-5	7.965E-5	8.726E+1
4.000E+2	3.550E-1	3.782E-5	1.065E-4	8.649E+1
5.000E+2	3.550E-1	4.730E-5	1.333E-4	8.562E+1
6.000E+2	3.548E-1	5.688E-5	1.603E-4	8.475E+1
7.000E+2	3.547E-1	6.649E-5	1.874E-4	8.389E+1
8.000E+2	3.546E-1	7.615E-5	2.147E-4	8.303E+1
9.000E+2	3.545E-1	8.596E-5	2.425E-4	8.215E+1
1.000E+3	3.543E-1	9.582E-5	2.704E-4	8.123E+1
1.100E+3	3.541E-1	1.057E-4	2.986E-4	8.032E+1
1.200E+3	3.539E-1	1.158E-4	3.271E-4	7.939E+1
1.300E+3	3.536E-1	1.260E-4	3.562E-4	7.846E+1
1.400E+3	3.534E-1	1.363E-4	3.856E-4	7.750E+1
1.500E+3	3.531E-1	1.467E-4	4.156E-4	7.652E+1
1.600E+3	3.528E-1	1.573E-4	4.460E-4	7.552E+1
1.700E+3	3.524E-1	1.681E-4	4.770E-4	7.450E+1
1.800E+3	3.521E-1	1.791E-4	5.086E-4	7.345E+1
1.900E+3	3.517E-1	1.902E-4	5.409E-4	7.238E+1
2.000E+3	3.513E-1	2.016E-4	5.737E-4	7.128E+1
2.100E+3	3.509E-1	2.131E-4	6.072E-4	7.015E+1
2.200E+3	3.505E-1	2.248E-4	6.414E-4	6.898E+1
2.300E+3	3.499E-1	2.367E-4	6.764E-4	6.779E+1
2.400E+3	3.495E-1	2.489E-4	7.121E-4	6.655E+1
2.500E+3	3.489E-1	2.611E-4	7.485E-4	6.528E+1
2.600E+3	3.484E-1	2.737E-4	7.857E-4	6.396E+1
2.700E+3	3.477E-1	2.865E-4	8.238E-4	6.260E+1
2.800E+3	3.471E-1	2.995E-4	8.627E-4	6.119E+1
2.900E+3	3.464E-1	3.125E-4	9.020E-4	5.975E+1
3.000E+3	3.457E-1	3.257E-4	9.422E-4	5.825E+1
3.100E+3	3.449E-1	3.391E-4	9.832E-4	5.669E+1
3.200E+3	3.442E-1	3.529E-4	1.025E-3	5.507E+1
3.300E+3	3.433E-1	3.665E-4	1.068E-3	5.340E+1
3.400E+3	3.425E-1	3.803E-4	1.110E-3	5.166E+1
3.500E+3	3.416E-1	3.943E-4	1.154E-3	4.986E+1
3.600E+3	3.407E-1	4.080E-4	1.198E-3	4.800E+1
3.700E+3	3.397E-1	4.218E-4	1.242E-3	4.608E+1
3.800E+3	3.387E-1	4.355E-4	1.286E-3	4.408E+1
3.900E+3	3.378E-1	4.491E-4	1.330E-3	4.202E+1
4.000E+3	3.367E-1	4.623E-4	1.373E-3	3.990E+1
4.100E+3	3.357E-1	4.752E-4	1.416E-3	3.771E+1
4.200E+3	3.347E-1	4.878E-4	1.457E-3	3.546E+1
4.300E+3	3.337E-1	4.998E-4	1.498E-3	3.314E+1
4.400E+3	3.327E-1	5.113E-4	1.537E-3	3.077E+1
4.500E+3	3.317E-1	5.222E-4	1.574E-3	2.834E+1
4.600E+3	3.308E-1	5.322E-4	1.609E-3	2.587E+1
4.700E+3	3.299E-1	5.416E-4	1.642E-3	2.336E+1
4.800E+3	3.291E-1	5.501E-4	1.672E-3	2.080E+1
4.900E+3	3.284E-1	5.577E-4	1.698E-3	1.821E+1
5.000E+3	3.277E-1	5.643E-4	1.722E-3	1.562E+1
5.100E+3	3.272E-1	5.699E-4	1.742E-3	1.299E+1
5.200E+3	3.267E-1	5.744E-4	1.758E-3	1.037E+1
5.300E+3	3.263E-1	5.779E-4	1.771E-3	7.742E+0
5.400E+3	3.261E-1	5.803E-4	1.780E-3	5.124E+0
5.500E+3	3.259E-1	5.818E-4	1.785E-3	2.518E+0
5.600E+3	3.258E-1	5.821E-4	1.787E-3	-7.607E-2
5.620E+3	3.259E-1	5.821E-4	1.786E-3	-5.939E-1
5.640E+3	3.259E-1	5.821E-4	1.786E-3	-1.113E+0
5.660E+3	3.259E-1	5.819E-4	1.786E-3	-1.624E+0
5.680E+3	3.259E-1	5.817E-4	1.785E-3	-2.138E+0
5.700E+3	3.259E-1	5.815E-4	1.784E-3	-2.655E+0
5.720E+3	3.259E-1	5.812E-4	1.783E-3	-3.170E+0
5.740E+3	3.259E-1	5.809E-4	1.782E-3	-3.688E+0
5.760E+3	3.259E-1	5.806E-4	1.781E-3	-4.201E+0
5.780E+3	3.260E-1	5.801E-4	1.780E-3	-4.713E+0
5.800E+3	3.260E-1	5.799E-4	1.778E-3	-5.232E+0
5.820E+3	3.261E-1	5.794E-4	1.777E-3	-5.743E+0
5.840E+3	3.261E-1	5.788E-4	1.775E-3	-6.255E+0
5.860E+3	3.262E-1	5.783E-4	1.773E-3	-6.770E+0
5.880E+3	3.262E-1	5.777E-4	1.771E-3	-7.285E+0
5.900E+3	3.263E-1	5.771E-4	1.769E-3	-7.800E+0
5.920E+3	3.263E-1	5.764E-4	1.767E-3	-8.318E+0
5.940E+3	3.264E-1	5.758E-4	1.764E-3	-8.832E+0
5.960E+3	3.264E-1	5.749E-4	1.761E-3	-9.354E+0
5.980E+3	3.265E-1	5.741E-4	1.758E-3	-9.878E+0
6.000E+3	3.266E-1	5.734E-4	1.755E-3	-1.040E+1
6.020E+3	3.267E-1	5.724E-4	1.752E-3	-1.093E+1
6.040E+3	3.268E-1	5.715E-4	1.749E-3	-1.146E+1
6.060E+3	3.269E-1	5.704E-4	1.745E-3	-1.200E+1
6.080E+3	3.270E-1	5.694E-4	1.741E-3	-1.254E+1
6.100E+3	3.271E-1	5.681E-4	1.737E-3	-1.309E+1
6.120E+3	3.272E-1	5.669E-4	1.733E-3	-1.365E+1
6.140E+3	3.273E-1	5.656E-4	1.728E-3	-1.421E+1
6.160E+3	3.274E-1	5.642E-4	1.723E-3	-1.480E+1
6.180E+3	3.276E-1	5.627E-4	1.718E-3	-1.539E+1
6.200E+3	3.277E-1	5.611E-4	1.712E-3	-1.601E+1
6.220E+3	3.279E-1	5.592E-4	1.706E-3	-1.664E+1
6.240E+3	3.280E-1	5.573E-4	1.699E-3	-1.730E+1
6.260E+3	3.282E-1	5.549E-4	1.691E-3	-1.801E+1
6.280E+3	3.284E-1	5.525E-4	1.682E-3	-1.872E+1
6.380E+3	3.304E-1	5.260E-4	1.592E-3	-2.398E+1
6.480E+3	3.338E-1	4.095E-4	1.227E-3	6.009E-1
6.500E+3	3.313E-1	4.621E-4	1.395E-3	1.144E+0
6.520E+3	3.295E-1	4.992E-4	1.515E-3	-6.796E-1
6.540E+3	3.283E-1	5.239E-4	1.595E-3	-3.133E+0
6.560E+3	3.276E-1	5.392E-4	1.646E-3	-5.610E+0
6.580E+3	3.274E-1	5.486E-4	1.676E-3	-7.873E+0
6.600E+3	3.273E-1	5.537E-4	1.692E-3	-9.865E+0
6.620E+3	3.272E-1	5.561E-4	1.699E-3	-1.158E+1
6.640E+3	3.273E-1	5.570E-4	1.702E-3	-1.306E+1
6.660E+3	3.274E-1	5.569E-4	1.701E-3	-1.435E+1
6.680E+3	3.276E-1	5.563E-4	1.698E-3	-1.548E+1
6.700E+3	3.277E-1	5.552E-4	1.694E-3	-1.648E+1
6.720E+3	3.279E-1	5.539E-4	1.689E-3	-1.737E+1
6.740E+3	3.280E-1	5.524E-4	1.684E-3	-1.818E+1
6.760E+3	3.282E-1	5.510E-4	1.679E-3	-1.892E+1
6.780E+3	3.284E-1	5.496E-4	1.673E-3	-1.961E+1
6.800E+3	3.285E-1	5.480E-4	1.668E-3	-2.025E+1
6.820E+3	3.287E-1	5.464E-4	1.662E-3	-2.085E+1
6.840E+3	3.288E-1	5.448E-4	1.657E-3	-2.141E+1
6.860E+3	3.290E-1	5.433E-4	1.651E-3	-2.195E+1
6.880E+3	3.291E-1	5.417E-4	1.646E-3	-2.247E+1
6.900E+3	3.293E-1	5.401E-4	1.640E-3	-2.296E+1
6.920E+3	3.294E-1	5.385E-4	1.635E-3	-2.344E+1
6.940E+3	3.295E-1	5.369E-4	1.629E-3	-2.389E+1
7.040E+3	3.303E-1	5.293E-4	1.603E-3	-2.599E+1
7.140E+3	3.310E-1	5.218E-4	1.577E-3	-2.786E+1
7.240E+3	3.316E-1	5.144E-4	1.551E-3	-2.957E+1
7.340E+3	3.322E-1	5.072E-4	1.527E-3	-3.117E+1
7.440E+3	3.328E-1	4.999E-4	1.502E-3	-3.266E+1
7.540E+3	3.334E-1	4.927E-4	1.478E-3	-3.407E+1
7.640E+3	3.339E-1	4.856E-4	1.454E-3	-3.541E+1
7.740E+3	3.345E-1	4.786E-4	1.431E-3	-3.668E+1
7.840E+3	3.350E-1	4.717E-4	1.408E-3	-3.790E+1
7.940E+3	3.355E-1	4.649E-4	1.386E-3	-3.906E+1
8.040E+3	3.360E-1	4.581E-4	1.364E-3	-4.016E+1
8.140E+3	3.365E-1	4.516E-4	1.342E-3	-4.122E+1
8.240E+3	3.369E-1	4.451E-4	1.321E-3	-4.224E+1
8.340E+3	3.373E-1	4.387E-4	1.300E-3	-4.321E+1
8.440E+3	3.377E-1	4.324E-4	1.280E-3	-4.415E+1
8.540E+3	3.382E-1	4.264E-4	1.261E-3	-4.505E+1
8.640E+3	3.385E-1	4.203E-4	1.242E-3	-4.591E+1
8.740E+3	3.389E-1	4.144E-4	1.223E-3	-4.674E+1
8.840E+3	3.392E-1	4.087E-4	1.205E-3	-4.754E+1
8.940E+3	3.396E-1	4.031E-4	1.187E-3	-4.831E+1
9.040E+3	3.399E-1	3.976E-4	1.170E-3	-4.905E+1
9.140E+3	3.402E-1	3.922E-4	1.153E-3	-4.977E+1
9.240E+3	3.406E-1	3.870E-4	1.136E-3	-5.046E+1
9.340E+3	3.409E-1	3.818E-4	1.120E-3	-5.113E+1
9.440E+3	3.412E-1	3.768E-4	1.105E-3	-5.177E+1
9.540E+3	3.414E-1	3.719E-4	1.089E-3	-5.240E+1
9.640E+3	3.417E-1	3.671E-4	1.074E-3	-5.300E+1
9.740E+3	3.419E-1	3.624E-4	1.060E-3	-5.358E+1
9.840E+3	3.422E-1	3.578E-4	1.046E-3	-5.415E+1
9.940E+3	3.424E-1	3.533E-4	1.032E-3	-5.469E+1
1.004E+4	3.426E-1	3.489E-4	1.018E-3	-5.522E+1
1.014E+4	3.428E-1	3.446E-4	1.005E-3	-5.574E+1
