1.000E+2	3.550E-1	9.612E-6	2.707E-5	8.818E+1
2.000E+2	3.550E-1	1.894E-5	5.335E-5	8.806E+1
3.000E+2	3.550E-1	2.854E-5	8.040E-5	8.723E+1
4.000E+2	3.550E-1	3.804E-5	1.072E-4	8.650E+1
5.000E+2	3.549E-1	4.761E-5	1.341E-4	8.562E+1
6.000E+2	3.548E-1	5.717E-5	1.611E-4	8.474E+1
7.000E+2	3.547E-1	6.689E-5	1.886E-4	8.386E+1
8.000E+2	3.546E-1	7.666E-5	2.162E-4	8.296E+1
9.000E+2	3.545E-1	8.651E-5	2.441E-4	8.206E+1
1.000E+3	3.543E-1	9.628E-5	2.718E-4	8.116E+1
1.100E+3	3.541E-1	1.063E-4	3.003E-4	8.026E+1
1.200E+3	3.539E-1	1.165E-4	3.292E-4	7.933E+1
1.300E+3	3.536E-1	1.267E-4	3.584E-4	7.838E+1
1.400E+3	3.533E-1	1.371E-4	3.881E-4	7.741E+1
1.500E+3	3.530E-1	1.477E-4	4.183E-4	7.643E+1
1.600E+3	3.527E-1	1.584E-4	4.490E-4	7.543E+1
1.700E+3	3.524E-1	1.692E-4	4.803E-4	7.440E+1
1.800E+3	3.521E-1	1.803E-4	5.122E-4	7.334E+1
1.900E+3	3.516E-1	1.916E-4	5.448E-4	7.225E+1
2.000E+3	3.513E-1	2.030E-4	5.780E-4	7.113E+1
2.100E+3	3.508E-1	2.147E-4	6.120E-4	6.999E+1
2.200E+3	3.504E-1	2.266E-4	6.466E-4	6.881E+1
2.300E+3	3.499E-1	2.386E-4	6.820E-4	6.759E+1
2.400E+3	3.494E-1	2.510E-4	7.183E-4	6.634E+1
2.500E+3	3.488E-1	2.634E-4	7.553E-4	6.504E+1
2.600E+3	3.482E-1	2.762E-4	7.932E-4	6.370E+1
2.700E+3	3.476E-1	2.892E-4	8.320E-4	6.231E+1
2.800E+3	3.470E-1	3.024E-4	8.716E-4	6.087E+1
2.900E+3	3.462E-1	3.159E-4	9.123E-4	5.938E+1
3.000E+3	3.455E-1	3.295E-4	9.537E-4	5.782E+1
3.100E+3	3.447E-1	3.433E-4	9.959E-4	5.621E+1
3.200E+3	3.439E-1	3.573E-4	1.039E-3	5.453E+1
3.300E+3	3.431E-1	3.715E-4	1.083E-3	5.278E+1
3.400E+3	3.422E-1	3.858E-4	1.127E-3	5.096E+1
3.500E+3	3.413E-1	4.002E-4	1.173E-3	4.907E+1
3.600E+3	3.403E-1	4.146E-4	1.219E-3	4.709E+1
3.700E+3	3.392E-1	4.292E-4	1.265E-3	4.502E+1
3.800E+3	3.382E-1	4.436E-4	1.312E-3	4.285E+1
3.900E+3	3.371E-1	4.582E-4	1.359E-3	4.057E+1
4.000E+3	3.359E-1	4.725E-4	1.407E-3	3.816E+1
4.100E+3	3.348E-1	4.869E-4	1.454E-3	3.560E+1
4.200E+3	3.336E-1	5.011E-4	1.502E-3	3.283E+1
4.300E+3	3.324E-1	5.156E-4	1.551E-3	2.974E+1
4.400E+3	3.310E-1	5.303E-4	1.602E-3	2.615E+1
4.500E+3	3.295E-1	5.456E-4	1.656E-3	2.144E+1
4.600E+3	3.278E-1	5.595E-4	1.707E-3	1.298E+1
4.700E+3	3.418E-1	2.537E-4	7.423E-4	-6.893E+0
4.720E+3	3.439E-1	2.182E-4	6.345E-4	1.859E+1
4.740E+3	3.435E-1	2.600E-4	7.568E-4	3.521E+1
4.760E+3	3.421E-1	3.159E-4	9.234E-4	4.048E+1
4.780E+3	3.404E-1	3.649E-4	1.072E-3	4.094E+1
4.800E+3	3.387E-1	4.037E-4	1.192E-3	3.964E+1
4.820E+3	3.371E-1	4.337E-4	1.287E-3	3.776E+1
4.840E+3	3.358E-1	4.569E-4	1.360E-3	3.578E+1
4.860E+3	3.347E-1	4.749E-4	1.419E-3	3.386E+1
4.880E+3	3.338E-1	4.890E-4	1.465E-3	3.209E+1
4.900E+3	3.330E-1	5.003E-4	1.503E-3	3.047E+1
5.000E+3	3.303E-1	5.342E-4	1.617E-3	2.418E+1
5.100E+3	3.288E-1	5.514E-4	1.677E-3	1.963E+1
5.200E+3	3.278E-1	5.622E-4	1.715E-3	1.587E+1
5.300E+3	3.271E-1	5.698E-4	1.742E-3	1.252E+1
5.400E+3	3.265E-1	5.750E-4	1.761E-3	9.425E+0
5.500E+3	3.262E-1	5.787E-4	1.774E-3	6.486E+0
5.600E+3	3.259E-1	5.806E-4	1.781E-3	3.678E+0
5.700E+3	3.259E-1	5.817E-4	1.785E-3	9.745E-1
5.800E+3	3.259E-1	5.816E-4	1.785E-3	-1.636E+0
5.900E+3	3.259E-1	5.805E-4	1.781E-3	-4.156E+0
6.000E+3	3.261E-1	5.785E-4	1.774E-3	-6.595E+0
6.100E+3	3.264E-1	5.757E-4	1.764E-3	-8.950E+0
6.200E+3	3.267E-1	5.722E-4	1.751E-3	-1.122E+1
6.300E+3	3.271E-1	5.680E-4	1.737E-3	-1.341E+1
6.400E+3	3.275E-1	5.634E-4	1.720E-3	-1.553E+1
6.500E+3	3.279E-1	5.581E-4	1.702E-3	-1.756E+1
6.600E+3	3.284E-1	5.525E-4	1.683E-3	-1.951E+1
6.700E+3	3.288E-1	5.465E-4	1.662E-3	-2.139E+1
6.800E+3	3.294E-1	5.404E-4	1.641E-3	-2.320E+1
6.900E+3	3.299E-1	5.339E-4	1.619E-3	-2.493E+1
7.000E+3	3.305E-1	5.275E-4	1.596E-3	-2.659E+1
7.100E+3	3.311E-1	5.208E-4	1.573E-3	-2.819E+1
7.200E+3	3.317E-1	5.141E-4	1.550E-3	-2.972E+1
7.300E+3	3.322E-1	5.072E-4	1.527E-3	-3.118E+1
7.400E+3	3.328E-1	5.004E-4	1.504E-3	-3.259E+1
7.500E+3	3.333E-1	4.935E-4	1.481E-3	-3.394E+1
7.600E+3	3.339E-1	4.867E-4	1.458E-3	-3.523E+1
7.700E+3	3.343E-1	4.798E-4	1.435E-3	-3.647E+1
7.800E+3	3.349E-1	4.731E-4	1.413E-3	-3.766E+1
7.900E+3	3.354E-1	4.664E-4	1.391E-3	-3.880E+1
8.000E+3	3.358E-1	4.598E-4	1.369E-3	-3.990E+1
8.100E+3	3.364E-1	4.533E-4	1.348E-3	-4.096E+1
8.200E+3	3.368E-1	4.468E-4	1.327E-3	-4.197E+1
8.300E+3	3.372E-1	4.405E-4	1.306E-3	-4.294E+1
8.400E+3	3.376E-1	4.343E-4	1.286E-3	-4.388E+1
8.500E+3	3.381E-1	4.282E-4	1.267E-3	-4.478E+1
8.600E+3	3.384E-1	4.222E-4	1.248E-3	-4.564E+1
8.700E+3	3.388E-1	4.163E-4	1.229E-3	-4.648E+1
8.800E+3	3.391E-1	4.105E-4	1.211E-3	-4.729E+1
8.900E+3	3.395E-1	4.049E-4	1.193E-3	-4.806E+1
9.000E+3	3.398E-1	3.994E-4	1.175E-3	-4.881E+1
9.100E+3	3.401E-1	3.940E-4	1.158E-3	-4.953E+1
9.200E+3	3.404E-1	3.887E-4	1.142E-3	-5.023E+1
9.300E+3	3.408E-1	3.835E-4	1.126E-3	-5.090E+1
9.400E+3	3.410E-1	3.785E-4	1.110E-3	-5.155E+1
9.500E+3	3.413E-1	3.736E-4	1.094E-3	-5.218E+1
9.600E+3	3.416E-1	3.687E-4	1.079E-3	-5.279E+1
9.700E+3	3.418E-1	3.640E-4	1.065E-3	-5.338E+1
9.800E+3	3.421E-1	3.594E-4	1.051E-3	-5.395E+1
9.900E+3	3.423E-1	3.548E-4	1.037E-3	-5.449E+1
1.000E+4	3.425E-1	3.505E-4	1.023E-3	-5.503E+1
1.010E+4	3.427E-1	3.461E-4	1.010E-3	-5.555E+1
