1.000E+2	3.550E-1	9.848E-6	2.774E-5	8.804E+1
2.000E+2	3.550E-1	1.967E-5	5.540E-5	8.799E+1
3.000E+2	3.550E-1	2.951E-5	8.312E-5	8.718E+1
4.000E+2	3.550E-1	3.943E-5	1.111E-4	8.634E+1
5.000E+2	3.549E-1	4.938E-5	1.391E-4	8.545E+1
6.000E+2	3.548E-1	5.934E-5	1.672E-4	8.453E+1
7.000E+2	3.547E-1	6.939E-5	1.956E-4	8.364E+1
8.000E+2	3.546E-1	7.955E-5	2.244E-4	8.272E+1
9.000E+2	3.544E-1	8.978E-5	2.533E-4	8.178E+1
1.000E+3	3.542E-1	1.001E-4	2.825E-4	8.083E+1
1.100E+3	3.540E-1	1.105E-4	3.121E-4	7.988E+1
1.200E+3	3.538E-1	1.210E-4	3.421E-4	7.890E+1
1.300E+3	3.535E-1	1.317E-4	3.726E-4	7.792E+1
1.400E+3	3.532E-1	1.425E-4	4.035E-4	7.691E+1
1.500E+3	3.529E-1	1.535E-4	4.350E-4	7.589E+1
1.600E+3	3.526E-1	1.647E-4	4.671E-4	7.483E+1
1.700E+3	3.522E-1	1.761E-4	4.999E-4	7.374E+1
1.800E+3	3.518E-1	1.877E-4	5.334E-4	7.262E+1
1.900E+3	3.514E-1	1.994E-4	5.676E-4	7.149E+1
2.000E+3	3.510E-1	2.115E-4	6.025E-4	7.031E+1
2.100E+3	3.505E-1	2.238E-4	6.384E-4	6.909E+1
2.200E+3	3.500E-1	2.363E-4	6.752E-4	6.783E+1
2.300E+3	3.494E-1	2.492E-4	7.132E-4	6.651E+1
2.400E+3	3.489E-1	2.625E-4	7.523E-4	6.514E+1
2.500E+3	3.482E-1	2.762E-4	7.931E-4	6.369E+1
2.600E+3	3.476E-1	2.905E-4	8.359E-4	6.215E+1
2.700E+3	3.468E-1	3.058E-4	8.818E-4	6.047E+1
2.800E+3	3.459E-1	3.229E-4	9.336E-4	5.851E+1
2.900E+3	3.446E-1	3.448E-4	1.000E-3	5.582E+1
2.920E+3	3.443E-1	3.506E-4	1.018E-3	5.503E+1
2.940E+3	3.439E-1	3.576E-4	1.040E-3	5.403E+1
2.960E+3	3.433E-1	3.663E-4	1.067E-3	5.265E+1
2.980E+3	3.424E-1	3.785E-4	1.105E-3	5.031E+1
3.000E+3	3.402E-1	3.970E-4	1.167E-3	4.348E+1
3.020E+3	3.429E-1	2.552E-4	7.442E-4	2.248E+1
3.040E+3	3.470E-1	1.967E-4	5.669E-4	4.116E+1
3.060E+3	3.480E-1	2.194E-4	6.304E-4	5.533E+1
3.080E+3	3.478E-1	2.529E-4	7.270E-4	5.953E+1
3.100E+3	3.472E-1	2.790E-4	8.035E-4	6.001E+1
3.120E+3	3.467E-1	2.978E-4	8.591E-4	5.945E+1
3.140E+3	3.462E-1	3.115E-4	8.999E-4	5.866E+1
3.160E+3	3.457E-1	3.220E-4	9.314E-4	5.788E+1
3.180E+3	3.453E-1	3.303E-4	9.566E-4	5.716E+1
3.200E+3	3.449E-1	3.373E-4	9.777E-4	5.650E+1
3.220E+3	3.446E-1	3.433E-4	9.961E-4	5.589E+1
3.240E+3	3.443E-1	3.486E-4	1.012E-3	5.533E+1
3.260E+3	3.441E-1	3.535E-4	1.027E-3	5.479E+1
3.280E+3	3.438E-1	3.580E-4	1.041E-3	5.428E+1
3.300E+3	3.436E-1	3.622E-4	1.054E-3	5.379E+1
3.320E+3	3.434E-1	3.663E-4	1.067E-3	5.331E+1
3.340E+3	3.431E-1	3.701E-4	1.079E-3	5.285E+1
3.360E+3	3.429E-1	3.738E-4	1.090E-3	5.240E+1
3.380E+3	3.427E-1	3.775E-4	1.102E-3	5.195E+1
3.400E+3	3.424E-1	3.810E-4	1.113E-3	5.151E+1
3.420E+3	3.422E-1	3.844E-4	1.123E-3	5.108E+1
3.440E+3	3.420E-1	3.877E-4	1.134E-3	5.065E+1
3.460E+3	3.418E-1	3.911E-4	1.144E-3	5.023E+1
3.480E+3	3.416E-1	3.943E-4	1.154E-3	4.981E+1
3.500E+3	3.414E-1	3.975E-4	1.164E-3	4.938E+1
3.520E+3	3.412E-1	4.007E-4	1.174E-3	4.896E+1
3.540E+3	3.410E-1	4.038E-4	1.184E-3	4.854E+1
3.560E+3	3.408E-1	4.070E-4	1.194E-3	4.812E+1
3.580E+3	3.405E-1	4.100E-4	1.204E-3	4.771E+1
3.600E+3	3.403E-1	4.131E-4	1.214E-3	4.729E+1
3.620E+3	3.401E-1	4.161E-4	1.223E-3	4.687E+1
3.640E+3	3.399E-1	4.191E-4	1.233E-3	4.645E+1
3.660E+3	3.397E-1	4.221E-4	1.243E-3	4.603E+1
3.680E+3	3.395E-1	4.250E-4	1.252E-3	4.561E+1
3.780E+3	3.384E-1	4.396E-4	1.299E-3	4.347E+1
3.880E+3	3.374E-1	4.537E-4	1.345E-3	4.129E+1
3.980E+3	3.363E-1	4.673E-4	1.390E-3	3.907E+1
4.080E+3	3.353E-1	4.805E-4	1.433E-3	3.679E+1
4.180E+3	3.342E-1	4.931E-4	1.475E-3	3.447E+1
4.280E+3	3.332E-1	5.052E-4	1.516E-3	3.209E+1
4.380E+3	3.322E-1	5.165E-4	1.555E-3	2.967E+1
4.480E+3	3.313E-1	5.272E-4	1.591E-3	2.720E+1
4.580E+3	3.303E-1	5.369E-4	1.625E-3	2.470E+1
4.680E+3	3.295E-1	5.459E-4	1.656E-3	2.217E+1
4.780E+3	3.288E-1	5.539E-4	1.685E-3	1.962E+1
4.880E+3	3.281E-1	5.610E-4	1.710E-3	1.705E+1
4.980E+3	3.275E-1	5.670E-4	1.732E-3	1.447E+1
5.080E+3	3.270E-1	5.721E-4	1.750E-3	1.189E+1
5.180E+3	3.265E-1	5.761E-4	1.764E-3	9.323E+0
5.280E+3	3.262E-1	5.792E-4	1.775E-3	6.772E+0
5.380E+3	3.260E-1	5.811E-4	1.783E-3	4.250E+0
5.480E+3	3.259E-1	5.822E-4	1.787E-3	1.762E+0
5.580E+3	3.258E-1	5.823E-4	1.787E-3	-6.824E-1
5.680E+3	3.259E-1	5.816E-4	1.784E-3	-3.082E+0
5.780E+3	3.260E-1	5.799E-4	1.779E-3	-5.432E+0
5.880E+3	3.262E-1	5.776E-4	1.771E-3	-7.719E+0
5.980E+3	3.265E-1	5.746E-4	1.760E-3	-9.947E+0
6.080E+3	3.268E-1	5.709E-4	1.747E-3	-1.211E+1
6.180E+3	3.272E-1	5.667E-4	1.732E-3	-1.420E+1
6.280E+3	3.276E-1	5.620E-4	1.715E-3	-1.623E+1
6.380E+3	3.281E-1	5.569E-4	1.697E-3	-1.819E+1
6.480E+3	3.286E-1	5.513E-4	1.678E-3	-2.007E+1
6.580E+3	3.291E-1	5.454E-4	1.657E-3	-2.189E+1
6.680E+3	3.295E-1	5.391E-4	1.636E-3	-2.365E+1
6.780E+3	3.301E-1	5.328E-4	1.614E-3	-2.533E+1
6.880E+3	3.306E-1	5.262E-4	1.592E-3	-2.695E+1
6.980E+3	3.312E-1	5.197E-4	1.569E-3	-2.850E+1
7.080E+3	3.317E-1	5.130E-4	1.546E-3	-3.000E+1
7.180E+3	3.323E-1	5.063E-4	1.524E-3	-3.143E+1
7.280E+3	3.329E-1	4.995E-4	1.501E-3	-3.281E+1
7.380E+3	3.334E-1	4.928E-4	1.478E-3	-3.414E+1
7.480E+3	3.339E-1	4.860E-4	1.455E-3	-3.541E+1
7.580E+3	3.345E-1	4.793E-4	1.433E-3	-3.662E+1
7.680E+3	3.349E-1	4.725E-4	1.411E-3	-3.780E+1
7.780E+3	3.355E-1	4.659E-4	1.389E-3	-3.892E+1
7.880E+3	3.359E-1	4.594E-4	1.368E-3	-4.000E+1
7.980E+3	3.364E-1	4.529E-4	1.346E-3	-4.104E+1
8.080E+3	3.368E-1	4.465E-4	1.326E-3	-4.204E+1
8.180E+3	3.373E-1	4.403E-4	1.306E-3	-4.300E+1
8.280E+3	3.377E-1	4.342E-4	1.286E-3	-4.393E+1
8.380E+3	3.381E-1	4.281E-4	1.266E-3	-4.482E+1
8.480E+3	3.385E-1	4.222E-4	1.247E-3	-4.568E+1
8.580E+3	3.388E-1	4.164E-4	1.229E-3	-4.650E+1
8.680E+3	3.392E-1	4.107E-4	1.211E-3	-4.730E+1
8.780E+3	3.395E-1	4.050E-4	1.193E-3	-4.807E+1
8.880E+3	3.398E-1	3.996E-4	1.176E-3	-4.881E+1
8.980E+3	3.402E-1	3.942E-4	1.159E-3	-4.953E+1
9.080E+3	3.405E-1	3.890E-4	1.142E-3	-5.022E+1
9.180E+3	3.408E-1	3.839E-4	1.126E-3	-5.088E+1
9.280E+3	3.411E-1	3.789E-4	1.111E-3	-5.153E+1
9.380E+3	3.413E-1	3.739E-4	1.095E-3	-5.216E+1
9.480E+3	3.416E-1	3.691E-4	1.081E-3	-5.276E+1
9.580E+3	3.418E-1	3.644E-4	1.066E-3	-5.335E+1
9.680E+3	3.421E-1	3.599E-4	1.052E-3	-5.391E+1
9.780E+3	3.423E-1	3.553E-4	1.038E-3	-5.446E+1
9.880E+3	3.425E-1	3.509E-4	1.025E-3	-5.499E+1
9.980E+3	3.427E-1	3.466E-4	1.011E-3	-5.551E+1
1.008E+4	3.430E-1	3.425E-4	9.986E-4	-5.601E+1
1.018E+4	3.431E-1	3.383E-4	9.860E-4	-5.650E+1
