1.000E+2	3.550E-1	9.466E-6	2.666E-5	8.956E+1
2.000E+2	3.551E-1	1.920E-5	5.408E-5	8.827E+1
3.000E+2	3.550E-1	2.881E-5	8.114E-5	8.737E+1
4.000E+2	3.550E-1	3.844E-5	1.083E-4	8.646E+1
5.000E+2	3.550E-1	4.812E-5	1.356E-4	8.557E+1
6.000E+2	3.548E-1	5.786E-5	1.631E-4	8.468E+1
7.000E+2	3.547E-1	6.767E-5	1.908E-4	8.380E+1
8.000E+2	3.546E-1	7.759E-5	2.188E-4	8.289E+1
9.000E+2	3.545E-1	8.758E-5	2.471E-4	8.197E+1
1.000E+3	3.543E-1	9.766E-5	2.756E-4	8.106E+1
1.100E+3	3.541E-1	1.079E-4	3.047E-4	8.013E+1
1.200E+3	3.539E-1	1.182E-4	3.340E-4	7.917E+1
1.300E+3	3.536E-1	1.287E-4	3.640E-4	7.820E+1
1.400E+3	3.533E-1	1.394E-4	3.945E-4	7.721E+1
1.500E+3	3.530E-1	1.502E-4	4.255E-4	7.619E+1
1.600E+3	3.527E-1	1.613E-4	4.572E-4	7.514E+1
1.700E+3	3.523E-1	1.725E-4	4.896E-4	7.408E+1
1.800E+3	3.520E-1	1.840E-4	5.229E-4	7.297E+1
1.900E+3	3.515E-1	1.958E-4	5.570E-4	7.183E+1
2.000E+3	3.511E-1	2.079E-4	5.921E-4	7.066E+1
2.100E+3	3.506E-1	2.203E-4	6.282E-4	6.943E+1
2.200E+3	3.502E-1	2.331E-4	6.656E-4	6.815E+1
2.300E+3	3.496E-1	2.462E-4	7.043E-4	6.681E+1
2.400E+3	3.490E-1	2.599E-4	7.446E-4	6.540E+1
2.500E+3	3.483E-1	2.741E-4	7.869E-4	6.390E+1
2.600E+3	3.477E-1	2.892E-4	8.319E-4	6.228E+1
2.700E+3	3.468E-1	3.053E-4	8.802E-4	6.051E+1
2.800E+3	3.459E-1	3.230E-4	9.336E-4	5.851E+1
2.900E+3	3.448E-1	3.432E-4	9.953E-4	5.611E+1
3.000E+3	3.433E-1	3.684E-4	1.073E-3	5.291E+1
3.100E+3	3.407E-1	4.061E-4	1.192E-3	4.739E+1
3.200E+3	3.329E-1	4.757E-4	1.429E-3	2.114E+1
3.220E+3	3.351E-1	4.004E-4	1.195E-3	-2.458E+0
3.240E+3	3.422E-1	2.610E-4	7.628E-4	-1.717E+1
3.260E+3	3.472E-1	1.477E-4	4.253E-4	-1.392E+1
3.280E+3	3.497E-1	9.643E-5	2.758E-4	1.785E+1
3.300E+3	3.504E-1	1.172E-4	3.344E-4	5.016E+1
3.320E+3	3.504E-1	1.577E-4	4.501E-4	6.103E+1
3.340E+3	3.499E-1	1.943E-4	5.553E-4	6.372E+1
3.360E+3	3.492E-1	2.240E-4	6.415E-4	6.383E+1
3.380E+3	3.485E-1	2.478E-4	7.110E-4	6.309E+1
3.400E+3	3.479E-1	2.672E-4	7.679E-4	6.209E+1
3.420E+3	3.473E-1	2.830E-4	8.150E-4	6.105E+1
3.440E+3	3.467E-1	2.964E-4	8.549E-4	6.003E+1
3.460E+3	3.462E-1	3.079E-4	8.893E-4	5.908E+1
3.480E+3	3.458E-1	3.179E-4	9.193E-4	5.817E+1
3.500E+3	3.454E-1	3.268E-4	9.460E-4	5.733E+1
3.520E+3	3.450E-1	3.347E-4	9.700E-4	5.654E+1
3.540E+3	3.446E-1	3.419E-4	9.920E-4	5.580E+1
3.640E+3	3.429E-1	3.708E-4	1.081E-3	5.255E+1
3.740E+3	3.416E-1	3.934E-4	1.152E-3	4.976E+1
3.840E+3	3.403E-1	4.128E-4	1.213E-3	4.719E+1
3.940E+3	3.391E-1	4.304E-4	1.269E-3	4.473E+1
4.040E+3	3.379E-1	4.466E-4	1.322E-3	4.230E+1
4.140E+3	3.367E-1	4.620E-4	1.372E-3	3.987E+1
4.240E+3	3.356E-1	4.764E-4	1.420E-3	3.744E+1
4.340E+3	3.345E-1	4.901E-4	1.465E-3	3.498E+1
4.440E+3	3.334E-1	5.028E-4	1.508E-3	3.248E+1
4.540E+3	3.323E-1	5.149E-4	1.549E-3	2.995E+1
4.640E+3	3.313E-1	5.259E-4	1.587E-3	2.740E+1
4.740E+3	3.304E-1	5.361E-4	1.623E-3	2.482E+1
4.840E+3	3.295E-1	5.454E-4	1.655E-3	2.221E+1
4.940E+3	3.288E-1	5.537E-4	1.684E-3	1.959E+1
5.040E+3	3.281E-1	5.609E-4	1.710E-3	1.696E+1
5.140E+3	3.275E-1	5.671E-4	1.732E-3	1.433E+1
5.240E+3	3.270E-1	5.722E-4	1.750E-3	1.171E+1
5.340E+3	3.265E-1	5.761E-4	1.765E-3	9.092E+0
5.440E+3	3.262E-1	5.792E-4	1.775E-3	6.507E+0
5.540E+3	3.260E-1	5.810E-4	1.782E-3	3.948E+0
5.640E+3	3.259E-1	5.820E-4	1.786E-3	1.430E+0
5.740E+3	3.258E-1	5.820E-4	1.786E-3	-1.042E+0
5.840E+3	3.259E-1	5.811E-4	1.783E-3	-3.465E+0
5.940E+3	3.261E-1	5.794E-4	1.777E-3	-5.831E+0
6.040E+3	3.263E-1	5.769E-4	1.768E-3	-8.134E+0
6.140E+3	3.265E-1	5.737E-4	1.757E-3	-1.037E+1
6.240E+3	3.269E-1	5.699E-4	1.743E-3	-1.254E+1
6.340E+3	3.273E-1	5.655E-4	1.728E-3	-1.465E+1
6.440E+3	3.278E-1	5.607E-4	1.711E-3	-1.668E+1
6.540E+3	3.282E-1	5.553E-4	1.692E-3	-1.864E+1
6.640E+3	3.287E-1	5.496E-4	1.672E-3	-2.053E+1
6.740E+3	3.292E-1	5.436E-4	1.651E-3	-2.235E+1
6.840E+3	3.297E-1	5.373E-4	1.630E-3	-2.409E+1
6.940E+3	3.302E-1	5.308E-4	1.608E-3	-2.578E+1
7.040E+3	3.307E-1	5.242E-4	1.585E-3	-2.739E+1
7.140E+3	3.313E-1	5.176E-4	1.562E-3	-2.895E+1
7.240E+3	3.319E-1	5.109E-4	1.539E-3	-3.043E+1
7.340E+3	3.325E-1	5.041E-4	1.516E-3	-3.187E+1
7.440E+3	3.331E-1	4.973E-4	1.493E-3	-3.324E+1
7.540E+3	3.336E-1	4.905E-4	1.470E-3	-3.455E+1
7.640E+3	3.341E-1	4.836E-4	1.447E-3	-3.581E+1
7.740E+3	3.347E-1	4.769E-4	1.425E-3	-3.703E+1
7.840E+3	3.351E-1	4.701E-4	1.403E-3	-3.819E+1
7.940E+3	3.356E-1	4.635E-4	1.381E-3	-3.931E+1
8.040E+3	3.361E-1	4.569E-4	1.359E-3	-4.039E+1
8.140E+3	3.366E-1	4.505E-4	1.338E-3	-4.142E+1
8.240E+3	3.370E-1	4.441E-4	1.318E-3	-4.241E+1
8.340E+3	3.375E-1	4.378E-4	1.297E-3	-4.337E+1
8.440E+3	3.378E-1	4.316E-4	1.278E-3	-4.428E+1
8.540E+3	3.383E-1	4.257E-4	1.258E-3	-4.517E+1
8.640E+3	3.386E-1	4.197E-4	1.239E-3	-4.602E+1
8.740E+3	3.390E-1	4.139E-4	1.221E-3	-4.684E+1
8.840E+3	3.393E-1	4.081E-4	1.203E-3	-4.763E+1
8.940E+3	3.397E-1	4.026E-4	1.185E-3	-4.840E+1
9.040E+3	3.400E-1	3.971E-4	1.168E-3	-4.913E+1
9.140E+3	3.403E-1	3.918E-4	1.151E-3	-4.984E+1
9.240E+3	3.407E-1	3.866E-4	1.135E-3	-5.053E+1
9.340E+3	3.409E-1	3.815E-4	1.119E-3	-5.119E+1
9.440E+3	3.412E-1	3.765E-4	1.103E-3	-5.183E+1
9.540E+3	3.415E-1	3.716E-4	1.088E-3	-5.245E+1
9.640E+3	3.418E-1	3.669E-4	1.073E-3	-5.305E+1
9.740E+3	3.420E-1	3.621E-4	1.059E-3	-5.363E+1
9.840E+3	3.422E-1	3.576E-4	1.045E-3	-5.419E+1
9.940E+3	3.424E-1	3.530E-4	1.031E-3	-5.473E+1
1.004E+4	3.427E-1	3.487E-4	1.018E-3	-5.526E+1
1.014E+4	3.429E-1	3.444E-4	1.004E-3	-5.577E+1
