1.000E+2	3.550E-1	9.556E-6	2.692E-5	9.027E+1
2.000E+2	3.550E-1	1.887E-5	5.315E-5	8.821E+1
3.000E+2	3.550E-1	2.836E-5	7.989E-5	8.725E+1
4.000E+2	3.550E-1	3.790E-5	1.067E-4	8.650E+1
5.000E+2	3.549E-1	4.746E-5	1.337E-4	8.563E+1
6.000E+2	3.548E-1	5.703E-5	1.607E-4	8.478E+1
7.000E+2	3.547E-1	6.667E-5	1.880E-4	8.387E+1
8.000E+2	3.546E-1	7.641E-5	2.155E-4	8.300E+1
9.000E+2	3.545E-1	8.621E-5	2.432E-4	8.210E+1
1.000E+3	3.543E-1	9.613E-5	2.713E-4	8.120E+1
1.100E+3	3.541E-1	1.061E-4	2.996E-4	8.029E+1
1.200E+3	3.539E-1	1.162E-4	3.284E-4	7.935E+1
1.300E+3	3.536E-1	1.264E-4	3.576E-4	7.841E+1
1.400E+3	3.533E-1	1.368E-4	3.872E-4	7.745E+1
1.500E+3	3.530E-1	1.473E-4	4.173E-4	7.647E+1
1.600E+3	3.528E-1	1.580E-4	4.479E-4	7.546E+1
1.700E+3	3.524E-1	1.688E-4	4.791E-4	7.443E+1
1.800E+3	3.521E-1	1.799E-4	5.109E-4	7.337E+1
1.900E+3	3.517E-1	1.911E-4	5.434E-4	7.230E+1
2.000E+3	3.513E-1	2.025E-4	5.765E-4	7.118E+1
2.100E+3	3.508E-1	2.141E-4	6.103E-4	7.005E+1
2.200E+3	3.504E-1	2.259E-4	6.448E-4	6.887E+1
2.300E+3	3.499E-1	2.379E-4	6.801E-4	6.766E+1
2.400E+3	3.494E-1	2.502E-4	7.161E-4	6.641E+1
2.500E+3	3.488E-1	2.627E-4	7.530E-4	6.512E+1
2.600E+3	3.483E-1	2.754E-4	7.907E-4	6.379E+1
2.700E+3	3.476E-1	2.883E-4	8.292E-4	6.241E+1
2.800E+3	3.470E-1	3.014E-4	8.687E-4	6.098E+1
2.900E+3	3.463E-1	3.147E-4	9.089E-4	5.950E+1
3.000E+3	3.456E-1	3.283E-4	9.500E-4	5.796E+1
3.100E+3	3.448E-1	3.420E-4	9.918E-4	5.637E+1
3.200E+3	3.440E-1	3.559E-4	1.035E-3	5.471E+1
3.300E+3	3.431E-1	3.698E-4	1.078E-3	5.299E+1
3.400E+3	3.423E-1	3.839E-4	1.122E-3	5.120E+1
3.500E+3	3.414E-1	3.981E-4	1.166E-3	4.934E+1
3.600E+3	3.404E-1	4.123E-4	1.211E-3	4.741E+1
3.700E+3	3.394E-1	4.265E-4	1.257E-3	4.540E+1
3.800E+3	3.384E-1	4.406E-4	1.302E-3	4.332E+1
3.900E+3	3.373E-1	4.546E-4	1.348E-3	4.114E+1
4.000E+3	3.362E-1	4.684E-4	1.393E-3	3.887E+1
4.100E+3	3.352E-1	4.820E-4	1.438E-3	3.650E+1
4.200E+3	3.340E-1	4.952E-4	1.482E-3	3.403E+1
4.300E+3	3.330E-1	5.081E-4	1.526E-3	3.143E+1
4.400E+3	3.319E-1	5.206E-4	1.569E-3	2.867E+1
4.500E+3	3.308E-1	5.326E-4	1.610E-3	2.572E+1
4.600E+3	3.297E-1	5.441E-4	1.651E-3	2.247E+1
4.700E+3	3.286E-1	5.553E-4	1.690E-3	1.868E+1
4.800E+3	3.275E-1	5.655E-4	1.727E-3	1.368E+1
4.900E+3	3.268E-1	5.667E-4	1.734E-3	4.124E+0
4.920E+3	3.272E-1	5.574E-4	1.704E-3	1.703E-2
4.940E+3	3.288E-1	5.253E-4	1.597E-3	-6.718E+0
4.960E+3	3.349E-1	4.082E-4	1.219E-3	-1.553E+1
4.980E+3	3.409E-1	2.684E-4	7.873E-4	-6.406E+0
5.000E+3	3.424E-1	2.471E-4	7.216E-4	1.766E+1
5.020E+3	3.415E-1	2.958E-4	8.662E-4	3.123E+1
5.040E+3	3.398E-1	3.534E-4	1.040E-3	3.506E+1
5.060E+3	3.378E-1	4.021E-4	1.190E-3	3.486E+1
5.080E+3	3.360E-1	4.400E-4	1.310E-3	3.320E+1
5.100E+3	3.344E-1	4.687E-4	1.402E-3	3.109E+1
5.120E+3	3.330E-1	4.904E-4	1.472E-3	2.894E+1
5.140E+3	3.320E-1	5.068E-4	1.527E-3	2.691E+1
5.160E+3	3.311E-1	5.194E-4	1.569E-3	2.505E+1
5.180E+3	3.304E-1	5.292E-4	1.602E-3	2.336E+1
5.200E+3	3.298E-1	5.371E-4	1.629E-3	2.183E+1
5.220E+3	3.292E-1	5.434E-4	1.650E-3	2.044E+1
5.240E+3	3.289E-1	5.486E-4	1.668E-3	1.917E+1
5.260E+3	3.285E-1	5.530E-4	1.683E-3	1.800E+1
5.280E+3	3.282E-1	5.567E-4	1.696E-3	1.691E+1
5.300E+3	3.279E-1	5.598E-4	1.707E-3	1.589E+1
5.320E+3	3.277E-1	5.625E-4	1.717E-3	1.493E+1
5.340E+3	3.274E-1	5.649E-4	1.725E-3	1.402E+1
5.360E+3	3.272E-1	5.670E-4	1.733E-3	1.315E+1
5.380E+3	3.271E-1	5.688E-4	1.739E-3	1.232E+1
5.400E+3	3.269E-1	5.704E-4	1.745E-3	1.152E+1
5.420E+3	3.268E-1	5.720E-4	1.750E-3	1.076E+1
5.440E+3	3.267E-1	5.733E-4	1.755E-3	1.001E+1
5.540E+3	3.262E-1	5.780E-4	1.772E-3	6.575E+0
5.640E+3	3.260E-1	5.806E-4	1.781E-3	3.469E+0
5.740E+3	3.258E-1	5.816E-4	1.785E-3	5.795E-1
5.840E+3	3.259E-1	5.813E-4	1.784E-3	-2.150E+0
5.940E+3	3.259E-1	5.799E-4	1.779E-3	-4.749E+0
6.040E+3	3.262E-1	5.777E-4	1.771E-3	-7.232E+0
6.140E+3	3.264E-1	5.746E-4	1.760E-3	-9.618E+0
6.240E+3	3.268E-1	5.709E-4	1.747E-3	-1.191E+1
6.340E+3	3.272E-1	5.665E-4	1.732E-3	-1.410E+1
6.440E+3	3.276E-1	5.616E-4	1.714E-3	-1.621E+1
6.540E+3	3.281E-1	5.563E-4	1.696E-3	-1.823E+1
6.640E+3	3.285E-1	5.505E-4	1.676E-3	-2.018E+1
6.740E+3	3.290E-1	5.444E-4	1.655E-3	-2.205E+1
6.840E+3	3.295E-1	5.381E-4	1.633E-3	-2.384E+1
6.940E+3	3.301E-1	5.316E-4	1.611E-3	-2.555E+1
7.040E+3	3.307E-1	5.250E-4	1.588E-3	-2.719E+1
7.140E+3	3.313E-1	5.183E-4	1.565E-3	-2.876E+1
7.240E+3	3.319E-1	5.115E-4	1.541E-3	-3.027E+1
7.340E+3	3.324E-1	5.047E-4	1.518E-3	-3.172E+1
7.440E+3	3.330E-1	4.977E-4	1.495E-3	-3.311E+1
7.540E+3	3.335E-1	4.909E-4	1.472E-3	-3.444E+1
7.640E+3	3.340E-1	4.840E-4	1.449E-3	-3.572E+1
7.740E+3	3.346E-1	4.772E-4	1.426E-3	-3.694E+1
7.840E+3	3.350E-1	4.704E-4	1.404E-3	-3.811E+1
7.940E+3	3.356E-1	4.638E-4	1.382E-3	-3.923E+1
8.040E+3	3.360E-1	4.572E-4	1.361E-3	-4.032E+1
8.140E+3	3.365E-1	4.507E-4	1.340E-3	-4.136E+1
8.240E+3	3.369E-1	4.443E-4	1.319E-3	-4.235E+1
8.340E+3	3.374E-1	4.381E-4	1.298E-3	-4.331E+1
8.440E+3	3.378E-1	4.318E-4	1.279E-3	-4.424E+1
8.540E+3	3.382E-1	4.258E-4	1.259E-3	-4.512E+1
8.640E+3	3.385E-1	4.198E-4	1.240E-3	-4.598E+1
8.740E+3	3.389E-1	4.140E-4	1.222E-3	-4.680E+1
8.840E+3	3.392E-1	4.082E-4	1.203E-3	-4.759E+1
8.940E+3	3.396E-1	4.027E-4	1.186E-3	-4.836E+1
9.040E+3	3.399E-1	3.972E-4	1.169E-3	-4.909E+1
9.140E+3	3.402E-1	3.919E-4	1.152E-3	-4.981E+1
9.240E+3	3.406E-1	3.867E-4	1.135E-3	-5.050E+1
9.340E+3	3.409E-1	3.815E-4	1.119E-3	-5.116E+1
9.440E+3	3.412E-1	3.765E-4	1.104E-3	-5.180E+1
9.540E+3	3.414E-1	3.716E-4	1.088E-3	-5.243E+1
9.640E+3	3.417E-1	3.668E-4	1.074E-3	-5.302E+1
9.740E+3	3.419E-1	3.621E-4	1.059E-3	-5.360E+1
9.840E+3	3.421E-1	3.576E-4	1.045E-3	-5.417E+1
9.940E+3	3.423E-1	3.530E-4	1.031E-3	-5.471E+1
1.004E+4	3.426E-1	3.487E-4	1.018E-3	-5.524E+1
1.014E+4	3.428E-1	3.444E-4	1.005E-3	-5.575E+1
