1.000E+2	3.550E-1	8.487E-6	2.391E-5	8.884E+1
2.000E+2	3.550E-1	1.732E-5	4.877E-5	8.843E+1
3.000E+2	3.550E-1	2.592E-5	7.300E-5	8.766E+1
4.000E+2	3.550E-1	3.464E-5	9.758E-5	8.676E+1
5.000E+2	3.550E-1	4.345E-5	1.224E-4	8.600E+1
6.000E+2	3.549E-1	5.232E-5	1.474E-4	8.517E+1
7.000E+2	3.548E-1	6.134E-5	1.729E-4	8.440E+1
8.000E+2	3.547E-1	7.043E-5	1.986E-4	8.355E+1
9.000E+2	3.546E-1	7.973E-5	2.249E-4	8.271E+1
1.000E+3	3.544E-1	8.910E-5	2.514E-4	8.184E+1
1.100E+3	3.542E-1	9.870E-5	2.787E-4	8.097E+1
1.200E+3	3.540E-1	1.085E-4	3.064E-4	8.005E+1
1.300E+3	3.537E-1	1.185E-4	3.351E-4	7.913E+1
1.400E+3	3.535E-1	1.289E-4	3.646E-4	7.817E+1
1.500E+3	3.532E-1	1.395E-4	3.950E-4	7.717E+1
1.600E+3	3.529E-1	1.506E-4	4.266E-4	7.614E+1
1.700E+3	3.526E-1	1.620E-4	4.596E-4	7.506E+1
1.800E+3	3.522E-1	1.738E-4	4.933E-4	7.394E+1
1.900E+3	3.518E-1	1.858E-4	5.281E-4	7.278E+1
2.000E+3	3.514E-1	1.985E-4	5.647E-4	7.156E+1
2.100E+3	3.509E-1	2.116E-4	6.029E-4	7.026E+1
2.200E+3	3.504E-1	2.254E-4	6.432E-4	6.887E+1
2.300E+3	3.498E-1	2.397E-4	6.852E-4	6.745E+1
2.400E+3	3.492E-1	2.548E-4	7.296E-4	6.590E+1
2.500E+3	3.485E-1	2.705E-4	7.763E-4	6.425E+1
2.600E+3	3.477E-1	2.872E-4	8.258E-4	6.248E+1
2.700E+3	3.468E-1	3.046E-4	8.782E-4	6.057E+1
2.800E+3	3.459E-1	3.230E-4	9.337E-4	5.851E+1
2.900E+3	3.448E-1	3.422E-4	9.925E-4	5.627E+1
3.000E+3	3.437E-1	3.624E-4	1.055E-3	5.383E+1
3.100E+3	3.423E-1	3.836E-4	1.120E-3	5.117E+1
3.200E+3	3.409E-1	4.056E-4	1.190E-3	4.825E+1
3.300E+3	3.393E-1	4.283E-4	1.262E-3	4.503E+1
3.400E+3	3.376E-1	4.517E-4	1.338E-3	4.148E+1
3.500E+3	3.358E-1	4.752E-4	1.415E-3	3.756E+1
3.600E+3	3.339E-1	4.984E-4	1.493E-3	3.323E+1
3.700E+3	3.320E-1	5.206E-4	1.568E-3	2.846E+1
3.800E+3	3.301E-1	5.408E-4	1.638E-3	2.323E+1
3.900E+3	3.285E-1	5.582E-4	1.699E-3	1.754E+1
4.000E+3	3.272E-1	5.712E-4	1.746E-3	1.142E+1
4.100E+3	3.264E-1	5.788E-4	1.773E-3	4.932E+0
4.200E+3	3.262E-1	5.799E-4	1.778E-3	-1.812E+0
4.300E+3	3.268E-1	5.741E-4	1.757E-3	-8.676E+0
4.400E+3	3.280E-1	5.611E-4	1.711E-3	-1.551E+1
4.500E+3	3.298E-1	5.417E-4	1.643E-3	-2.217E+1
4.600E+3	3.319E-1	5.166E-4	1.556E-3	-2.854E+1
4.700E+3	3.344E-1	4.873E-4	1.457E-3	-3.454E+1
4.800E+3	3.368E-1	4.550E-4	1.351E-3	-4.011E+1
4.900E+3	3.393E-1	4.210E-4	1.241E-3	-4.527E+1
5.000E+3	3.415E-1	3.860E-4	1.130E-3	-5.000E+1
5.100E+3	3.436E-1	3.511E-4	1.022E-3	-5.435E+1
5.200E+3	3.455E-1	3.164E-4	9.160E-4	-5.834E+1
5.300E+3	3.471E-1	2.826E-4	8.143E-4	-6.202E+1
5.400E+3	3.484E-1	2.497E-4	7.166E-4	-6.541E+1
5.500E+3	3.496E-1	2.177E-4	6.228E-4	-6.856E+1
5.600E+3	3.506E-1	1.866E-4	5.324E-4	-7.147E+1
5.700E+3	3.514E-1	1.564E-4	4.452E-4	-7.417E+1
5.800E+3	3.521E-1	1.271E-4	3.609E-4	-7.664E+1
5.900E+3	3.525E-1	9.831E-5	2.789E-4	-7.883E+1
6.000E+3	3.529E-1	7.009E-5	1.986E-4	-8.054E+1
6.100E+3	3.531E-1	4.232E-5	1.198E-4	-8.097E+1
6.120E+3	3.531E-1	3.680E-5	1.042E-4	-8.069E+1
6.140E+3	3.532E-1	3.134E-5	8.874E-5	-8.013E+1
6.160E+3	3.532E-1	2.588E-5	7.328E-5	-7.910E+1
6.180E+3	3.532E-1	2.046E-5	5.792E-5	-7.731E+1
6.200E+3	3.533E-1	1.509E-5	4.272E-5	-7.383E+1
6.220E+3	3.533E-1	9.902E-6	2.803E-5	-6.611E+1
6.240E+3	3.533E-1	5.306E-6	1.502E-5	-4.257E+1
6.260E+3	3.532E-1	4.331E-6	1.226E-5	2.526E+1
6.280E+3	3.532E-1	8.334E-6	2.359E-5	6.110E+1
6.300E+3	3.532E-1	1.340E-5	3.794E-5	7.171E+1
6.320E+3	3.532E-1	1.871E-5	5.296E-5	7.610E+1
6.340E+3	3.532E-1	2.409E-5	6.821E-5	7.832E+1
6.360E+3	3.531E-1	2.952E-5	8.359E-5	7.958E+1
6.380E+3	3.532E-1	3.493E-5	9.891E-5	8.022E+1
6.400E+3	3.531E-1	4.040E-5	1.144E-4	8.058E+1
6.420E+3	3.531E-1	4.584E-5	1.298E-4	8.077E+1
6.440E+3	3.530E-1	5.134E-5	1.454E-4	8.077E+1
6.540E+3	3.526E-1	7.874E-5	2.233E-4	7.975E+1
6.640E+3	3.521E-1	1.064E-4	3.020E-4	7.787E+1
6.740E+3	3.515E-1	1.342E-4	3.818E-4	7.568E+1
6.840E+3	3.508E-1	1.624E-4	4.628E-4	7.326E+1
6.940E+3	3.500E-1	1.909E-4	5.454E-4	7.070E+1
7.040E+3	3.491E-1	2.197E-4	6.294E-4	6.796E+1
7.140E+3	3.481E-1	2.488E-4	7.148E-4	6.508E+1
7.240E+3	3.468E-1	2.780E-4	8.016E-4	6.207E+1
7.340E+3	3.454E-1	3.073E-4	8.895E-4	5.890E+1
7.440E+3	3.439E-1	3.363E-4	9.781E-4	5.558E+1
7.540E+3	3.422E-1	3.651E-4	1.067E-3	5.210E+1
7.640E+3	3.404E-1	3.931E-4	1.155E-3	4.848E+1
7.740E+3	3.386E-1	4.202E-4	1.241E-3	4.472E+1
7.840E+3	3.367E-1	4.459E-4	1.324E-3	4.082E+1
7.940E+3	3.349E-1	4.701E-4	1.404E-3	3.679E+1
8.040E+3	3.330E-1	4.921E-4	1.478E-3	3.267E+1
8.140E+3	3.314E-1	5.119E-4	1.545E-3	2.848E+1
8.240E+3	3.298E-1	5.290E-4	1.604E-3	2.425E+1
8.340E+3	3.285E-1	5.435E-4	1.654E-3	2.001E+1
8.440E+3	3.274E-1	5.551E-4	1.696E-3	1.580E+1
8.540E+3	3.265E-1	5.640E-4	1.727E-3	1.165E+1
8.640E+3	3.259E-1	5.700E-4	1.749E-3	7.596E+0
8.740E+3	3.255E-1	5.736E-4	1.762E-3	3.660E+0
8.840E+3	3.253E-1	5.747E-4	1.767E-3	-1.360E-1
8.940E+3	3.254E-1	5.739E-4	1.764E-3	-3.768E+0
9.040E+3	3.257E-1	5.712E-4	1.754E-3	-7.232E+0
9.140E+3	3.260E-1	5.670E-4	1.739E-3	-1.052E+1
9.240E+3	3.266E-1	5.616E-4	1.720E-3	-1.363E+1
9.340E+3	3.272E-1	5.551E-4	1.697E-3	-1.656E+1
9.440E+3	3.278E-1	5.478E-4	1.671E-3	-1.931E+1
9.540E+3	3.285E-1	5.399E-4	1.643E-3	-2.190E+1
9.640E+3	3.293E-1	5.316E-4	1.614E-3	-2.433E+1
9.740E+3	3.300E-1	5.229E-4	1.584E-3	-2.662E+1
9.840E+3	3.308E-1	5.140E-4	1.554E-3	-2.876E+1
9.940E+3	3.315E-1	5.050E-4	1.524E-3	-3.077E+1
1.004E+4	3.322E-1	4.961E-4	1.493E-3	-3.265E+1
1.014E+4	3.329E-1	4.872E-4	1.463E-3	-3.442E+1
