1.000E+2	3.550E-1	1.008E-5	2.840E-5	6.827E+1
2.000E+2	3.550E-1	1.899E-5	5.350E-5	7.421E+1
3.000E+2	3.549E-1	2.818E-5	7.942E-5	7.415E+1
4.000E+2	3.547E-1	3.710E-5	1.046E-4	7.264E+1
5.000E+2	3.545E-1	4.580E-5	1.292E-4	7.057E+1
6.000E+2	3.542E-1	5.423E-5	1.531E-4	6.821E+1
7.000E+2	3.540E-1	6.227E-5	1.759E-4	6.576E+1
8.000E+2	3.537E-1	6.997E-5	1.978E-4	6.324E+1
9.000E+2	3.534E-1	7.726E-5	2.187E-4	6.076E+1
1.000E+3	3.530E-1	8.417E-5	2.384E-4	5.829E+1
1.100E+3	3.526E-1	9.064E-5	2.571E-4	5.587E+1
1.200E+3	3.523E-1	9.673E-5	2.746E-4	5.351E+1
1.300E+3	3.519E-1	1.024E-4	2.910E-4	5.121E+1
1.400E+3	3.516E-1	1.077E-4	3.064E-4	4.898E+1
1.500E+3	3.512E-1	1.126E-4	3.207E-4	4.682E+1
1.600E+3	3.508E-1	1.172E-4	3.341E-4	4.472E+1
1.700E+3	3.505E-1	1.215E-4	3.466E-4	4.270E+1
1.800E+3	3.502E-1	1.254E-4	3.582E-4	4.074E+1
1.900E+3	3.498E-1	1.291E-4	3.690E-4	3.884E+1
2.000E+3	3.496E-1	1.325E-4	3.790E-4	3.700E+1
2.100E+3	3.493E-1	1.356E-4	3.884E-4	3.522E+1
2.200E+3	3.490E-1	1.386E-4	3.971E-4	3.348E+1
2.300E+3	3.487E-1	1.413E-4	4.052E-4	3.179E+1
2.400E+3	3.485E-1	1.438E-4	4.127E-4	3.014E+1
2.500E+3	3.482E-1	1.462E-4	4.198E-4	2.850E+1
2.600E+3	3.480E-1	1.485E-4	4.266E-4	2.688E+1
2.700E+3	3.478E-1	1.506E-4	4.330E-4	2.524E+1
2.800E+3	3.476E-1	1.527E-4	4.392E-4	2.355E+1
2.900E+3	3.474E-1	1.547E-4	4.454E-4	2.173E+1
3.000E+3	3.471E-1	1.569E-4	4.520E-4	1.960E+1
3.100E+3	3.468E-1	1.594E-4	4.597E-4	1.664E+1
3.200E+3	3.465E-1	1.624E-4	4.687E-4	1.014E+1
3.220E+3	3.464E-1	1.623E-4	4.684E-4	7.053E+0
3.240E+3	3.465E-1	1.595E-4	4.605E-4	1.736E+0
3.260E+3	3.475E-1	1.400E-4	4.030E-4	-9.622E+0
3.280E+3	3.505E-1	7.724E-5	2.204E-4	-9.970E+0
3.300E+3	3.511E-1	7.036E-5	2.004E-4	2.670E+1
3.320E+3	3.505E-1	9.645E-5	2.752E-4	3.706E+1
3.340E+3	3.497E-1	1.163E-4	3.326E-4	3.610E+1
3.360E+3	3.490E-1	1.288E-4	3.690E-4	3.343E+1
3.380E+3	3.485E-1	1.366E-4	3.919E-4	3.092E+1
3.400E+3	3.482E-1	1.417E-4	4.069E-4	2.887E+1
3.420E+3	3.480E-1	1.451E-4	4.171E-4	2.722E+1
3.440E+3	3.478E-1	1.476E-4	4.246E-4	2.589E+1
3.460E+3	3.476E-1	1.495E-4	4.301E-4	2.478E+1
3.480E+3	3.475E-1	1.510E-4	4.345E-4	2.385E+1
3.500E+3	3.474E-1	1.522E-4	4.381E-4	2.305E+1
3.520E+3	3.473E-1	1.532E-4	4.410E-4	2.235E+1
3.540E+3	3.473E-1	1.540E-4	4.435E-4	2.173E+1
3.640E+3	3.470E-1	1.568E-4	4.520E-4	1.933E+1
3.740E+3	3.468E-1	1.587E-4	4.575E-4	1.758E+1
3.840E+3	3.466E-1	1.600E-4	4.616E-4	1.613E+1
3.940E+3	3.465E-1	1.611E-4	4.649E-4	1.485E+1
4.040E+3	3.464E-1	1.620E-4	4.676E-4	1.368E+1
4.140E+3	3.463E-1	1.628E-4	4.700E-4	1.260E+1
4.240E+3	3.462E-1	1.635E-4	4.721E-4	1.157E+1
4.340E+3	3.462E-1	1.641E-4	4.740E-4	1.060E+1
4.440E+3	3.461E-1	1.646E-4	4.756E-4	9.661E+0
4.540E+3	3.460E-1	1.651E-4	4.772E-4	8.759E+0
4.640E+3	3.459E-1	1.655E-4	4.785E-4	7.886E+0
4.740E+3	3.459E-1	1.659E-4	4.796E-4	7.040E+0
4.840E+3	3.458E-1	1.662E-4	4.807E-4	6.211E+0
4.940E+3	3.458E-1	1.665E-4	4.816E-4	5.418E+0
5.040E+3	3.458E-1	1.668E-4	4.824E-4	4.637E+0
5.140E+3	3.457E-1	1.670E-4	4.832E-4	3.877E+0
5.240E+3	3.457E-1	1.672E-4	4.838E-4	3.128E+0
5.340E+3	3.456E-1	1.674E-4	4.843E-4	2.401E+0
5.440E+3	3.456E-1	1.676E-4	4.848E-4	1.689E+0
5.540E+3	3.456E-1	1.677E-4	4.852E-4	9.893E-1
5.640E+3	3.455E-1	1.678E-4	4.855E-4	3.030E-1
5.740E+3	3.455E-1	1.678E-4	4.858E-4	-3.715E-1
5.840E+3	3.455E-1	1.679E-4	4.860E-4	-1.031E+0
5.940E+3	3.455E-1	1.679E-4	4.861E-4	-1.680E+0
6.040E+3	3.455E-1	1.679E-4	4.861E-4	-2.319E+0
6.140E+3	3.454E-1	1.679E-4	4.861E-4	-2.945E+0
6.240E+3	3.454E-1	1.679E-4	4.861E-4	-3.564E+0
6.340E+3	3.454E-1	1.679E-4	4.860E-4	-4.171E+0
6.440E+3	3.453E-1	1.678E-4	4.859E-4	-4.769E+0
6.540E+3	3.452E-1	1.677E-4	4.857E-4	-5.357E+0
6.640E+3	3.452E-1	1.676E-4	4.855E-4	-5.941E+0
6.740E+3	3.452E-1	1.675E-4	4.852E-4	-6.513E+0
6.840E+3	3.451E-1	1.674E-4	4.849E-4	-7.077E+0
6.940E+3	3.451E-1	1.672E-4	4.846E-4	-7.634E+0
7.040E+3	3.452E-1	1.672E-4	4.842E-4	-8.185E+0
7.140E+3	3.452E-1	1.670E-4	4.838E-4	-8.728E+0
7.240E+3	3.452E-1	1.669E-4	4.834E-4	-9.260E+0
7.340E+3	3.452E-1	1.667E-4	4.829E-4	-9.790E+0
7.440E+3	3.452E-1	1.666E-4	4.825E-4	-1.029E+1
7.540E+3	3.452E-1	1.664E-4	4.820E-4	-1.083E+1
7.640E+3	3.452E-1	1.662E-4	4.814E-4	-1.134E+1
7.740E+3	3.452E-1	1.660E-4	4.808E-4	-1.185E+1
7.840E+3	3.452E-1	1.658E-4	4.803E-4	-1.234E+1
7.940E+3	3.452E-1	1.656E-4	4.796E-4	-1.284E+1
8.040E+3	3.452E-1	1.653E-4	4.790E-4	-1.332E+1
8.140E+3	3.452E-1	1.651E-4	4.783E-4	-1.380E+1
8.240E+3	3.452E-1	1.649E-4	4.777E-4	-1.428E+1
8.340E+3	3.452E-1	1.646E-4	4.770E-4	-1.475E+1
8.440E+3	3.452E-1	1.644E-4	4.762E-4	-1.522E+1
8.540E+3	3.452E-1	1.641E-4	4.755E-4	-1.569E+1
8.640E+3	3.451E-1	1.638E-4	4.747E-4	-1.614E+1
8.740E+3	3.451E-1	1.636E-4	4.740E-4	-1.660E+1
8.840E+3	3.451E-1	1.633E-4	4.732E-4	-1.705E+1
8.940E+3	3.451E-1	1.630E-4	4.724E-4	-1.749E+1
9.040E+3	3.451E-1	1.628E-4	4.716E-4	-1.793E+1
9.140E+3	3.451E-1	1.625E-4	4.708E-4	-1.837E+1
9.240E+3	3.452E-1	1.622E-4	4.699E-4	-1.880E+1
9.340E+3	3.451E-1	1.619E-4	4.691E-4	-1.923E+1
9.440E+3	3.452E-1	1.616E-4	4.682E-4	-1.965E+1
9.540E+3	3.451E-1	1.613E-4	4.673E-4	-2.008E+1
9.640E+3	3.451E-1	1.610E-4	4.665E-4	-2.049E+1
9.740E+3	3.451E-1	1.607E-4	4.655E-4	-2.091E+1
9.840E+3	3.451E-1	1.604E-4	4.646E-4	-2.132E+1
9.940E+3	3.451E-1	1.600E-4	4.637E-4	-2.173E+1
1.004E+4	3.451E-1	1.597E-4	4.628E-4	-2.213E+1
1.014E+4	3.451E-1	1.594E-4	4.619E-4	-2.253E+1
